!
O
#
$
%
&
'
! O 384
! % 887
O ! 384
O # 778
O & 916
# O 778
# $ 794
# ' 336
$ # 794
$ % 387
% ! 887
% $ 387
% & 493
& O 916
& % 493
& ' 650
' # 336
' & 650
[0      384     1162    1274    887     1300    1498    ]
[384    0       778     1572    1271    916     1114    ]
[1162   778     0       794     1181    986     336     ]
[1274   1572    794     0       387     880     1130    ]
[887    1271    1181    387     0       493     1143    ]
[1300   916     986     880     493     0       650     ]
[1498   1114    336     1130    1143    650     0       ]
